All 213 irreps of the N=4, p=3 Fock space (2^48 states)
maximal weight (9, 3, -3, -9), C2max = 120

    #                 lambda              partition     C2      dim     multiplicity
    1         (9, 3, -3, -9)         (18, 12, 6, 0)    120  117,649            4,096
    2         (8, 4, -3, -9)         (17, 13, 6, 0)    114   91,000           20,480
    3         (9, 2, -2, -9)         (18, 11, 7, 0)    114   94,640           20,480
    4         (9, 3, -4, -8)         (17, 11, 4, 0)    114   91,000           20,480
    5         (7, 5, -3, -9)         (16, 14, 6, 0)    110   57,456           36,864
    6         (9, 1, -1, -9)         (18, 10, 8, 0)    110   61,236           36,864
    7         (9, 3, -5, -7)         (16, 10, 2, 0)    110   57,456           36,864
    8         (6, 6, -3, -9)         (15, 15, 6, 0)    108   19,635           20,480
    9         (8, 4, -4, -8)         (16, 12, 4, 0)    108   69,825          102,400
   10          (9, 0, 0, -9)          (18, 9, 9, 0)    108   21,175           20,480
   11         (9, 3, -6, -6)          (15, 9, 0, 0)    108   19,635           20,480
   12         (8, 3, -2, -9)         (17, 12, 7, 0)    107   80,640          122,880
   13         (9, 2, -3, -8)         (17, 10, 5, 0)    107   80,640          122,880
   14         (7, 5, -4, -8)         (15, 13, 4, 0)    104   43,875          184,320
   15         (8, 4, -5, -7)         (15, 11, 2, 0)    104   43,875          184,320
   16         (6, 6, -4, -8)         (14, 14, 4, 0)    102   14,960          102,400
   17         (7, 4, -2, -9)         (16, 13, 7, 0)    102   58,520          286,720
   18         (8, 2, -1, -9)         (17, 11, 8, 0)    102   60,060          286,720
   19         (8, 4, -6, -6)         (14, 10, 0, 0)    102   14,960          102,400
   20         (9, 1, -2, -8)          (17, 9, 6, 0)    102   60,060          286,720
   21         (9, 2, -4, -7)          (16, 9, 3, 0)    102   58,520          286,720
   22         (7, 5, -5, -7)         (14, 12, 2, 0)    100   27,489          331,776
   23         (8, 3, -3, -8)         (16, 11, 5, 0)    100   67,431          737,280
   24         (6, 5, -2, -9)         (15, 14, 7, 0)     99   30,720          286,720
   25          (8, 1, 0, -9)         (17, 10, 9, 0)     99   32,000          286,720
   26         (9, 0, -1, -8)          (17, 8, 7, 0)     99   32,000          286,720
   27         (9, 2, -5, -6)          (15, 8, 1, 0)     99   30,720          286,720
   28         (6, 6, -5, -7)         (13, 13, 2, 0)     98    9,360          184,320
   29         (7, 5, -6, -6)         (13, 11, 0, 0)     98    9,360          184,320
   30         (6, 6, -6, -6)         (12, 12, 0, 0)     96    3,185          102,400
   31         (7, 3, -1, -9)         (16, 12, 8, 0)     96   49,875          880,640
   32         (9, 1, -3, -7)          (16, 8, 4, 0)     96   49,875          880,640
   33         (7, 4, -3, -8)         (15, 12, 5, 0)     95   48,384        1,720,320
   34         (8, 3, -4, -7)         (15, 10, 3, 0)     95   48,384        1,720,320
   35         (8, 2, -2, -8)         (16, 10, 6, 0)     94   55,860        2,150,400
   36         (6, 4, -1, -9)         (15, 13, 8, 0)     92   32,805        1,290,240
   37         (6, 5, -3, -8)         (14, 13, 5, 0)     92   25,245        1,720,320
   38          (7, 2, 0, -9)         (16, 11, 9, 0)     92   33,345        1,290,240
   39         (8, 3, -5, -6)          (14, 9, 1, 0)     92   25,245        1,720,320
   40         (9, 0, -2, -7)          (16, 7, 5, 0)     92   33,345        1,290,240
   41         (9, 1, -4, -6)          (15, 7, 2, 0)     92   32,805        1,290,240
   42         (5, 5, -1, -9)         (14, 14, 8, 0)     90   11,424          659,456
   43          (7, 1, 1, -9)        (16, 10, 10, 0)     90   11,704          659,456
   44         (7, 4, -4, -7)         (14, 11, 3, 0)     90   34,476        4,014,080
   45         (8, 1, -1, -8)          (16, 9, 7, 0)     90   36,784        3,051,520
   46        (9, -1, -1, -7)          (16, 6, 6, 0)     90   11,704          659,456
   47         (9, 1, -5, -5)          (14, 6, 0, 0)     90   11,424          659,456
   48         (7, 3, -2, -8)         (15, 11, 6, 0)     88   45,045        6,451,200
   49          (8, 0, 0, -8)          (16, 8, 8, 0)     88   12,825        1,536,000
   50         (8, 2, -3, -7)          (15, 9, 4, 0)     88   45,045        6,451,200
   51          (6, 3, 0, -9)         (15, 12, 9, 0)     87   26,880        2,703,360
   52         (6, 5, -4, -7)         (13, 12, 3, 0)     87   17,920        4,014,080
   53         (7, 4, -5, -6)         (13, 10, 1, 0)     87   17,920        4,014,080
   54         (9, 0, -3, -6)          (15, 6, 3, 0)     87   26,880        2,703,360
   55          (5, 4, 0, -9)         (14, 13, 9, 0)     84   14,875        2,580,480
   56          (6, 2, 1, -9)        (15, 11, 10, 0)     84   15,015        2,580,480
   57         (6, 4, -2, -8)         (14, 12, 6, 0)     84   29,155        9,318,400
   58         (6, 5, -5, -6)         (12, 11, 1, 0)     84    9,295        4,014,080
   59         (8, 2, -4, -6)          (14, 8, 2, 0)     84   29,155        9,318,400
   60        (9, -1, -2, -6)          (15, 5, 4, 0)     84   15,015        2,580,480
   61         (9, 0, -4, -5)          (14, 5, 1, 0)     84   14,875        2,580,480
   62         (7, 2, -1, -8)         (15, 10, 7, 0)     83   34,560       12,288,000
   63         (8, 1, -2, -7)          (15, 8, 5, 0)     83   34,560       12,288,000
   64         (5, 5, -2, -8)         (13, 13, 6, 0)     82   10,080        4,730,880
   65         (7, 3, -3, -7)         (14, 10, 4, 0)     82   35,700       19,046,400
   66         (8, 2, -5, -5)          (13, 7, 0, 0)     82   10,080        4,730,880
   67          (5, 3, 1, -9)        (14, 12, 10, 0)     80   11,781        4,091,904
   68          (7, 1, 0, -8)          (15, 9, 8, 0)     80   18,711       11,182,080
   69         (8, 0, -1, -7)          (15, 7, 6, 0)     80   18,711       11,182,080
   70        (9, -1, -3, -5)          (14, 4, 2, 0)     80   11,781        4,091,904
   71          (4, 4, 1, -9)        (13, 13, 10, 0)     78    4,400        2,150,400
   72          (5, 2, 2, -9)        (14, 11, 11, 0)     78    4,420        2,150,400
   73         (6, 3, -1, -8)         (14, 11, 7, 0)     78   26,520       24,371,200
   74         (6, 4, -3, -7)         (13, 11, 4, 0)     78   22,880       27,238,400
   75         (7, 3, -4, -6)          (13, 9, 2, 0)     78   22,880       27,238,400
   76         (8, 1, -3, -6)          (14, 7, 3, 0)     78   26,520       24,371,200
   77        (9, -2, -2, -5)          (14, 3, 3, 0)     78    4,420        2,150,400
   78        (9, -1, -4, -4)          (13, 3, 0, 0)     78    4,400        2,150,400
   79         (5, 5, -3, -7)         (12, 12, 4, 0)     76    7,875       13,762,560
   80         (7, 2, -2, -7)          (14, 9, 5, 0)     76   30,855       46,632,960
   81         (7, 3, -5, -5)          (12, 8, 0, 0)     76    7,875       13,762,560
   82          (4, 3, 2, -9)        (13, 12, 11, 0)     75    3,584        2,875,392
   83         (5, 4, -1, -8)         (13, 12, 7, 0)     75   14,336       22,650,880
   84         (8, 1, -4, -5)          (13, 6, 1, 0)     75   14,336       22,650,880
   85        (9, -2, -3, -4)          (13, 2, 1, 0)     75    3,584        2,875,392
   86          (6, 2, 0, -8)         (14, 10, 8, 0)     74   18,360       32,870,400
   87         (6, 4, -4, -6)         (12, 10, 2, 0)     74   14,580       38,707,200
   88         (8, 0, -2, -6)          (14, 6, 4, 0)     74   18,360       32,870,400
   89          (3, 3, 3, -9)        (12, 12, 12, 0)     72      455          593,920
   90         (5, 5, -4, -6)         (11, 11, 2, 0)     72    5,005       19,496,960
   91          (6, 1, 1, -8)          (14, 9, 9, 0)     72    6,545       16,199,680
   92         (6, 4, -5, -5)          (11, 9, 0, 0)     72    5,005       19,496,960
   93         (7, 1, -1, -7)          (14, 8, 6, 0)     72   20,825       60,784,640
   94        (8, -1, -1, -6)          (14, 5, 5, 0)     72    6,545       16,199,680
   95        (9, -3, -3, -3)          (12, 0, 0, 0)     72      455          593,920
   96         (6, 3, -2, -7)         (13, 10, 5, 0)     71   23,040       89,456,640
   97         (7, 2, -3, -6)          (13, 8, 3, 0)     71   23,040       89,456,640
   98          (5, 3, 0, -8)         (13, 11, 8, 0)     70   13,104       46,878,720
   99         (5, 5, -5, -5)         (10, 10, 0, 0)     70    1,716        9,805,824
  100          (7, 0, 0, -7)          (14, 7, 7, 0)     70    7,344       29,515,776
  101         (8, 0, -3, -5)          (13, 5, 2, 0)     70   13,104       46,878,720
  102          (4, 4, 0, -8)         (12, 12, 8, 0)     68    4,725       23,654,400
  103         (5, 4, -2, -7)         (12, 11, 5, 0)     68   12,285       81,715,200
  104         (7, 2, -4, -5)          (12, 7, 1, 0)     68   12,285       81,715,200
  105         (8, 0, -4, -4)          (12, 4, 0, 0)     68    4,725       23,654,400
  106          (5, 2, 1, -8)         (13, 10, 9, 0)     67    7,680       44,113,920
  107        (8, -1, -2, -5)          (13, 4, 3, 0)     67    7,680       44,113,920
  108         (6, 2, -1, -7)          (13, 9, 6, 0)     66   18,480      159,272,960
  109         (6, 3, -3, -6)          (12, 9, 3, 0)     66   16,940      168,181,760
  110         (7, 1, -2, -6)          (13, 7, 4, 0)     66   18,480      159,272,960
  111          (4, 3, 1, -8)         (12, 11, 9, 0)     64    4,875       45,588,480
  112        (8, -1, -3, -4)          (12, 3, 1, 0)     64    4,875       45,588,480
  113         (5, 4, -3, -6)         (11, 10, 3, 0)     63    8,960      151,961,600
  114          (6, 1, 0, -7)          (13, 8, 7, 0)     63   10,240      140,165,120
  115         (6, 3, -4, -5)          (11, 8, 1, 0)     63    8,960      151,961,600
  116         (7, 0, -1, -6)          (13, 6, 5, 0)     63   10,240      140,165,120
  117          (4, 2, 2, -8)        (12, 10, 10, 0)     62    1,980       25,128,960
  118         (5, 3, -1, -7)         (12, 10, 6, 0)     62   12,600      215,040,000
  119         (7, 1, -3, -5)          (12, 6, 2, 0)     62   12,600      215,040,000
  120        (8, -2, -2, -4)          (12, 2, 2, 0)     62    1,980       25,128,960
  121          (3, 3, 2, -8)        (11, 11, 10, 0)     60    1,001       17,346,560
  122         (4, 4, -1, -7)         (11, 11, 6, 0)     60    4,459      106,029,056
  123         (5, 4, -4, -5)          (10, 9, 1, 0)     60    4,719      136,478,720
  124         (6, 2, -2, -6)          (12, 8, 4, 0)     60   15,625      393,625,600
  125         (7, 1, -4, -4)          (11, 5, 0, 0)     60    4,459      106,029,056
  126        (8, -2, -3, -3)          (11, 1, 0, 0)     60    1,001       17,346,560
  127          (5, 2, 0, -7)          (12, 9, 7, 0)     58    9,240      288,583,680
  128         (7, 0, -2, -5)          (12, 5, 3, 0)     58    9,240      288,583,680
  129          (5, 1, 1, -7)          (12, 8, 8, 0)     56    3,375      141,680,640
  130         (5, 3, -2, -6)          (11, 9, 4, 0)     56   10,395      515,235,840
  131         (6, 1, -1, -6)          (12, 7, 5, 0)     56   10,935      500,797,440
  132         (6, 2, -3, -5)          (11, 7, 2, 0)     56   10,395      515,235,840
  133        (7, -1, -1, -5)          (12, 4, 4, 0)     56    3,375      141,680,640
  134          (4, 3, 0, -7)         (11, 10, 7, 0)     55    5,376      270,778,368
  135         (7, 0, -3, -4)          (11, 4, 1, 0)     55    5,376      270,778,368
  136         (4, 4, -2, -6)         (10, 10, 4, 0)     54    3,640      250,593,280
  137          (6, 0, 0, -6)          (12, 6, 6, 0)     54    3,920      240,558,080
  138         (6, 2, -4, -4)          (10, 6, 0, 0)     54    3,640      250,593,280
  139          (4, 2, 1, -7)          (11, 9, 8, 0)     52    3,465      270,520,320
  140         (5, 3, -3, -5)          (10, 8, 2, 0)     52    6,825      662,876,160
  141        (7, -1, -2, -4)          (11, 3, 2, 0)     52    3,465      270,520,320
  142         (5, 2, -1, -6)          (11, 8, 5, 0)     51    8,960      925,532,160
  143         (6, 1, -2, -5)          (11, 6, 3, 0)     51    8,960      925,532,160
  144          (3, 3, 1, -7)         (10, 10, 8, 0)     50    1,404      148,463,616
  145         (4, 4, -3, -5)           (9, 9, 2, 0)     50    2,376      319,893,504
  146         (5, 3, -4, -4)           (9, 7, 0, 0)     50    2,376      319,893,504
  147        (7, -1, -3, -3)          (10, 2, 0, 0)     50    1,404      148,463,616
  148          (3, 2, 2, -7)          (10, 9, 9, 0)     48      715      100,741,120
  149         (4, 3, -1, -6)          (10, 9, 5, 0)     48    5,005      828,334,080
  150         (4, 4, -4, -4)           (8, 8, 0, 0)     48      825      153,825,280
  151          (5, 1, 0, -6)          (11, 7, 6, 0)     48    5,145      816,435,200
  152         (6, 0, -1, -5)          (11, 5, 4, 0)     48    5,145      816,435,200
  153         (6, 1, -3, -4)          (10, 5, 1, 0)     48    5,005      828,334,080
  154        (7, -2, -2, -3)          (10, 1, 1, 0)     48      715      100,741,120
  155         (5, 2, -2, -5)          (10, 7, 3, 0)     46    7,020    1,623,306,240
  156          (4, 2, 0, -6)          (10, 8, 6, 0)     44    4,095    1,194,762,240
  157         (6, 0, -2, -4)          (10, 4, 2, 0)     44    4,095    1,194,762,240
  158         (4, 3, -2, -5)           (9, 8, 3, 0)     43    3,840    1,416,683,520
  159         (5, 2, -3, -4)           (9, 6, 1, 0)     43    3,840    1,416,683,520
  160          (3, 3, 0, -6)           (9, 9, 6, 0)     42    1,540      605,265,920
  161          (4, 1, 1, -6)          (10, 7, 7, 0)     42    1,560      601,354,240
  162         (5, 1, -1, -5)          (10, 6, 4, 0)     42    5,200    2,107,494,400
  163        (6, -1, -1, -4)          (10, 3, 3, 0)     42    1,560      601,354,240
  164         (6, 0, -3, -3)           (9, 3, 0, 0)     42    1,540      605,265,920
  165         (4, 3, -3, -4)           (8, 7, 1, 0)     40    2,079    1,220,788,224
  166          (5, 0, 0, -5)          (10, 5, 5, 0)     40    1,911    1,020,493,824
  167          (3, 2, 1, -6)           (9, 8, 7, 0)     39    1,280      763,002,880
  168        (6, -1, -2, -3)           (9, 2, 1, 0)     39    1,280      763,002,880
  169         (4, 2, -1, -5)           (9, 7, 4, 0)     38    3,780    2,795,520,000
  170         (5, 1, -2, -4)           (9, 5, 2, 0)     38    3,780    2,795,520,000
  171          (2, 2, 2, -6)           (8, 8, 8, 0)     36      165      149,524,480
  172         (3, 3, -1, -5)           (8, 8, 4, 0)     36    1,375    1,364,930,560
  173         (5, 1, -3, -3)           (8, 4, 0, 0)     36    1,375    1,364,930,560
  174        (6, -2, -2, -2)           (8, 0, 0, 0)     36      165      149,524,480
  175          (4, 1, 0, -5)           (9, 6, 5, 0)     35    2,304    2,563,203,072
  176         (5, 0, -1, -4)           (9, 4, 3, 0)     35    2,304    2,563,203,072
  177         (4, 2, -2, -4)           (8, 6, 2, 0)     34    2,640    3,546,255,360
  178          (3, 2, 0, -5)           (8, 7, 5, 0)     32    1,485    2,537,287,680
  179         (3, 3, -2, -4)           (7, 7, 2, 0)     32      945    1,700,106,240
  180         (4, 2, -3, -3)           (7, 5, 0, 0)     32      945    1,700,106,240
  181         (5, 0, -2, -3)           (8, 3, 1, 0)     32    1,485    2,537,287,680
  182          (3, 1, 1, -5)           (8, 6, 6, 0)     30      616    1,375,166,464
  183         (3, 3, -3, -3)           (6, 6, 0, 0)     30      336      808,730,624
  184         (4, 1, -1, -4)           (8, 5, 3, 0)     30    2,156    4,957,761,536
  185        (5, -1, -1, -3)           (8, 2, 2, 0)     30      616    1,375,166,464
  186          (2, 2, 1, -5)           (7, 7, 6, 0)     28      315      926,822,400
  187          (4, 0, 0, -4)           (8, 4, 4, 0)     28      825    2,472,345,600
  188        (5, -1, -2, -2)           (7, 1, 0, 0)     28      315      926,822,400
  189         (3, 2, -1, -4)           (7, 6, 3, 0)     27    1,280    4,500,684,800
  190         (4, 1, -2, -3)           (7, 4, 1, 0)     27    1,280    4,500,684,800
  191          (3, 1, 0, -4)           (7, 5, 4, 0)     24      875    4,564,152,320
  192         (3, 2, -2, -3)           (6, 5, 1, 0)     24      735    3,941,969,920
  193         (4, 0, -1, -3)           (7, 3, 2, 0)     24      875    4,564,152,320
  194          (2, 2, 0, -4)           (6, 6, 4, 0)     22      360    2,466,078,720
  195         (4, 0, -2, -2)           (6, 2, 0, 0)     22      360    2,466,078,720
  196          (2, 1, 1, -4)           (6, 5, 5, 0)     20      189    1,678,946,304
  197         (3, 1, -1, -3)           (6, 4, 2, 0)     20      729    6,588,297,216
  198        (4, -1, -1, -2)           (6, 1, 1, 0)     20      189    1,678,946,304
  199         (2, 2, -1, -3)           (5, 5, 2, 0)     18      280    3,315,916,800
  200          (3, 0, 0, -3)           (6, 3, 3, 0)     18      300    3,507,200,000
  201         (3, 1, -2, -2)           (5, 3, 0, 0)     18      280    3,315,916,800
  202         (2, 2, -2, -2)           (4, 4, 0, 0)     16      105    1,627,729,920
  203          (2, 1, 0, -3)           (5, 4, 3, 0)     15      256    4,455,170,048
  204         (3, 0, -1, -2)           (5, 2, 1, 0)     15      256    4,455,170,048
  205          (1, 1, 1, -3)           (4, 4, 4, 0)     12       35      896,143,360
  206         (2, 1, -1, -2)           (4, 3, 1, 0)     12      175    4,522,700,800
  207        (3, -1, -1, -1)           (4, 0, 0, 0)     12       35      896,143,360
  208          (2, 0, 0, -2)           (4, 2, 2, 0)     10       84    2,794,020,864
  209          (1, 1, 0, -2)           (3, 3, 2, 0)      8       45    1,934,929,920
  210         (2, 0, -1, -1)           (3, 1, 0, 0)      8       45    1,934,929,920
  211         (1, 1, -1, -1)           (2, 2, 0, 0)      6       20    1,110,548,480
  212          (1, 0, 0, -1)           (2, 1, 1, 0)      4       15    1,068,380,160
  213           (0, 0, 0, 0)           (0, 0, 0, 0)      0        1      117,149,696
