n=2: 12 modes, total BPS states 1044, BPS degrees [4, 5, 6, 7, 8]
irrep (nodes A|B|C)          window       multiplicities by degree
0,0|-2,-2|2,2                8..8         [1]   
2,2|-2,-2|0,0                4..4         [1]   
0,0|2,2|-2,-2                4..4         [1]   
2,2|0,0|-2,-2                8..8         [1]   
-2,-2|0,0|2,2                4..4         [1]   
-2,-2|2,2|0,0                8..8         [1]   
-1,-2|0,-1|2,2               5..5         [1]   
-2,-2|1,0|2,1                5..5         [1]   
0,-1|-1,-2|2,2               7..7         [1]   
2,2|0,-1|-1,-2               7..7         [1]   
1,1|2,0|-2,-2                6..6         [1]   
2,2|-1,-1|0,-2               6..6         [1]   
-2,-2|1,1|2,0                6..6         [1]   
2,1|1,0|-2,-2                7..7         [1]   
0,-2|2,2|-1,-1               6..6         [1]   
1,1|-2,-2|2,0                6..6         [1]   
-1,-1|2,2|0,-2               6..6         [1]   
1,0|2,1|-2,-2                5..5         [1]   
2,2|-1,-2|0,-1               5..5         [1]   
0,-2|-1,-1|2,2               6..6         [1]   
2,2|0,-2|-1,-1               6..6         [1]   
-1,-1|0,-2|2,2               6..6         [1]   
1,0|-2,-2|2,1                7..7         [1]   
2,0|-2,-2|1,1                6..6         [1]   
-2,-2|2,0|1,1                6..6         [1]   
2,0|1,1|-2,-2                6..6         [1]   
-2,-2|2,1|1,0                7..7         [1]   
0,-1|2,2|-1,-2               5..5         [1]   
2,1|-2,-2|1,0                5..5         [1]   
-1,-2|2,2|0,-1               7..7         [1]   
2,1|1,-2|-1,-1               5..5         [1]   
1,1|-1,-2|2,-1               7..7         [1]   
-1,-2|1,-1|2,1               6..6         [1]   
1,1|2,-1|-1,-2               5..5         [1]   
2,-1|1,1|-1,-2               7..7         [1]   
-1,-2|2,-1|1,1               7..7         [1]   
1,-2|-1,-1|2,1               5..5         [1]   
2,1|-1,-1|1,-2               7..7         [1]   
2,-2|-1,-1|1,1               4..4         [1]   
-1,-1|2,1|1,-2               5..5         [1]   
1,-2|2,1|-1,-1               7..7         [1]   
2,-1|-1,-2|1,1               5..5         [1]   
2,1|1,-1|-1,-2               6..6         [1]   
1,-1|2,1|-1,-2               6..6         [1]   
-1,-1|1,-2|2,1               7..7         [1]   
-1,-1|1,1|2,-2               4..4         [1]   
-1,-2|2,1|1,-1               6..6         [1]   
-1,-2|1,1|2,-1               5..5         [1]   
1,1|-1,-1|2,-2               8..8         [1]   
2,-2|1,1|-1,-1               8..8         [1]   
1,1|2,-2|-1,-1               4..4         [1]   
-1,-1|2,-2|1,1               8..8         [1]   
1,-1|-1,-2|2,1               6..6         [1]   
2,1|-1,-2|1,-1               6..6         [1]   
1,0|0,-2|2,-1                6..6         [1]   
2,0|0,-2|1,-1                5..5         [1]   
2,-1|0,-2|1,0                6..6         [1]   
2,-1|1,0|0,-2                6..6         [1]   
0,-2|1,0|2,-1                6..6         [1]   
1,-2|2,-1|0,0                5..5         [1]   
1,-2|0,0|2,-1                7..7         [1]   
2,0|1,-2|0,-1                6..6         [1]   
0,-2|1,-1|2,0                5..5         [1]   
0,0|1,-2|2,-1                5..5         [1]   
0,0|2,-2|1,-1                6..6         [1]   
2,-1|1,-2|0,0                7..7         [1]   
0,-2|2,0|1,-1                7..7         [1]   
1,0|2,-1|0,-2                6..6         [1]   
1,-2|2,0|0,-1                6..6         [1]   
2,-2|0,0|1,-1                6..6         [1]   
0,-1|2,-2|1,0                7..7         [1]   
1,0|0,-1|2,-2                7..7         [1]   
1,-2|0,-1|2,0                6..6         [1]   
2,-2|0,-1|1,0                5..5         [1]   
0,-1|1,0|2,-2                5..5         [1]   
2,-2|1,0|0,-1                7..7         [1]   
2,0|1,-1|0,-2                7..7         [1]   
1,0|2,-2|0,-1                5..5         [1]   
2,0|0,-1|1,-2                6..6         [1]   
0,0|2,-1|1,-2                7..7         [1]   
1,-1|2,0|0,-2                5..5         [1]   
2,-1|0,0|1,-2                5..5         [1]   
1,-1|0,0|2,-2                6..6         [1]   
1,-1|2,-2|0,0                6..6         [1]   
1,-1|0,-2|2,0                7..7         [1]   
2,-2|1,-1|0,0                6..6         [1]   
0,-1|2,0|1,-2                6..6         [1]   
0,-1|1,-2|2,0                6..6         [1]   
0,0|1,-1|2,-2                6..6         [1]   
0,-2|2,-1|1,0                6..6         [1]   
irreps with BPS states: 90, of which NOT concentrated: 0
guarded: pid 50260 exit code 0, peak RSS 0 GB
